chi2 :  15.170840594562922
alpha=15.507
our chi2<alpha which means its good
 
chi2/dof :  1.8963550743203652
Error in N_o :  -0.0006040752462231395
Error in lambda :  0.0010146470187917449
covab :  -5.258425469426975e-05
r2 :  4.226985112522942e-06
ln(N_0) :  4.731434285337495
N_0 :  113.45817710264122
b :  -0.00925719196078415

lifetime (lambda):  0.00925719196078415
[Finished in 1.147s]